-0.49139
-0.0704683
-0.267028
-0.644021
-0.129805
-2.80201
0.422144
0.778008
-0.391308
1.18115
-0.891166
-0.363883
-0.43109
-0.728996
0.818949
0.582225
-1.02019
1.01587
-0.922756
0.344188
0.197911
0.530991
-0.974432
-0.449327
-1.05006
-1.055
0.195881
0.917509
0.928248
2.16259
0.716024
0.142228
-1.46396
-0.645478
-0.787593
0.833947
0.754686
1.36624
0.532629
-1.40283
1.64336
0.0237285
-0.784957
1.4627
0.0725768
0.705236
-2.12163
-0.37574
0.938879
-0.163646
-0.975202
2.27205
-0.577563
-0.845698
2.60096
0.639508
2.29552
-0.686992
0.192327
-0.689649
1.05874
-0.476056
-0.304069
0.549196
-0.26192
0.267185
1.47839
-1.7974
-2.61699
-0.378395
0.56896
0.381746
0.639695
-1.00034
-0.288039
0.721726
1.5903
-2.08383
-0.317698
-0.254019
1.63664
-0.60779
-0.922179
-0.176712
-0.425352
-0.589893
1.30752
-1.0688
-0.230376
1.67095
-0.156458
1.52445
1.42785
1.1063
0.895353
0.0542103
2.27344
-0.571173
0.634976
-0.933464
0.956729
-0.291167
-0.062393
-0.166297
0.280073
0.547665
-0.741817
-0.695379
1.0754
-0.57058
-0.408419
0.614148
-0.732873
1.10486
0.0537275
0.1895
-0.237813
-1.30567
-0.422304
1.36178
-1.80248
-0.277007
-0.63
1.71904
1.26366
0.377764
0.338108
0.478571
-0.205764
-0.84169
-0.182825
-1.34779
-1.08207
-0.732881
0.502632
1.26421
-1.33099
-1.45932
-0.965458
2.06274
0.858135
-0.496547
-0.313106
-0.898695
0.960089
0.918874
0.766364
-0.600522
-0.255941
1.55207
-0.505746
-0.684517
0.733923
-0.0582308
-0.482564
0.595353
1.11477
-0.953173
-0.27992
-1.07959
-0.327008
-0.943187
-0.247695
-0.912609
-0.765483
-1.62009
0.459825
0.0785063
-0.301975
0.245995
-0.865887
-0.833475
-0.292732
0.64535
-0.295721
-0.682373
-0.692963
-1.23779
-1.05947
0.445751
1.13388
-0.528503
1.25724
0.651634
-0.238425
-0.397249
-0.095792
-0.983929
-0.375887
-0.743975
-1.79834
0.222728
0.78606
0.448946
-1.2717
0.356697
0.521858
-0.349842
0.95583
1.20221
-1.66565
-0.749411
-0.361717
1.24467
1.77072
0.71679
0.920893
-0.139499
0.288817
-1.10392
-0.140283
-0.286241
1.42992
0.846889
-0.142645
0.000155148
0.658402
-0.63065
-0.964557
-1.17829
-1.16878
0.105019
-0.0456898
-1.14001
-1.01311
1.18927
-1.18701
0.367494
-0.83004
0.881332
0.118229
-2.00193
0.754194
-0.972855
0.276365
1.10935
-1.36311
1.21708
3.30169
-0.743243
0.999474
-0.744037
-0.845541
0.647707
-2.26995
-0.974708
-1.28507
-0.131574
0.882339
0.126954
-1.08913
0.308444
0.117708
0.95942
0.591377
0.375122
0.615754
1.73635
-0.196332
-0.860669
-0.0572354
-0.28384
0.189777
1.68353
0.0669701
-0.879657
0.34939
0.396961
-0.436489
1.78384
-0.325296
2.16619
0.572308
0.388087
-0.302696
-0.759689
1.31114
0.508754
1.38062
-1.84776
0.0352763
0.971679
-0.766619
0.98655
-0.223991
0.225811
0.0595617
0.527002
-0.836848
-0.976014
0.984025
0.90664
0.00642985
0.165078
0.082489
0.0129294
-0.821514
-1.31672
1.49679
1.228
-0.0353599
0.0955174
2.10887
-1.46377
-0.941446
0.0834865
0.976898
0.514863
-0.0374118
-0.595953
2.42479
0.553514
0.847686
-0.573214
-1.44821
-0.507975
-0.269738
0.534148
0.568221
-1.26773
-0.195516
0.00658463
1.64848
1.19249
-1.36567
1.68286
-0.414747
0.0246688
0.814637
-1.46774
-0.261089
-0.11218
-0.110451
1.6684
0.094936
-1.14448
-0.361722
2.22624
-0.214389
-0.647328
-1.19416
-0.634009
1.21423
0.725137
0.663856
-1.42579
1.39543
1.41471
-0.541682
1.11968
1.61063
0.321049
-0.268272
0.763923
-3.09074
-0.197463
0.574157
1.8011
-1.19796
1.77897
0.36881
1.31295
0.773515
-1.16578
-0.476644
-0.60293
-1.25546
-1.22434
1.04001
2.23065
0.849376
-0.170693
0.846001
1.56435
1.21345
0.57338
1.43118
-1.56076
-0.360232
0.842419
-1.66858
-1.34663
-0.595341
1.09426
-0.435407
-0.327412
1.81762
-0.442695
0.122009
-0.170597
0.424716
-1.25127
-0.160866
1.21176
0.111101
-1.47625
1.57135
0.964819
0.746331
-0.943938
-1.54573
-0.502121
0.36775
-0.487735
0.334192
-0.103467
-0.821505
-0.173034
-0.704876
0.769227
-0.936046
-0.390455
1.09874
-0.369933
-1.21357
-1.2787
0.787896
0.317334
0.608312
-0.463354
1.04231
-1.18702
-1.94869
0.0787329
-0.355471
0.414604
-0.826594
1.94388
1.49741
-0.385063
1.85748
1.90272
1.70756
0.159161
0.185985
-0.0180069
-1.08666
-0.934391
1.13514
-1.65518
1.19648
-1.00306
0.882169
1.01431
2.26388
1.9218
-0.80022
1.05625
1.80756
-0.294847
0.973562
0.191738
-0.28045
-0.49565
1.81879
1.17802
-0.0954606
0.899986
0.270739
-0.325073
-1.43884
1.59921
-0.0109919
0.574223
-0.893798
0.0582608
0.927197
-1.22173
0.237345
-0.0163845
0.166634
1.1096
0.850909
-0.964042
-1.02321
-1.38888
-1.18206
0.876818
0.359255
-1.50418
0.790806
0.618834
-0.544278
-0.0896084
-1.93014
0.752768
-0.959648
1.10484
0.146417
1.02511
0.090937
-0.815523
0.603309
1.18581
1.24121
-0.997861
0.284866
0.610371
-0.287094
-0.285302
-0.0214614
-1.22156
-0.064544
-0.0431954
1.07338
-0.658556
-2.02649
-2.72458
0.587503
1.57353
-1.82413
2.14144
0.180371
0.182238
1.11321
2.73014
0.0407032
0.880391
1.11284
0.752185
-0.164859
-0.414985
1.9458
-1.73831
-0.58193
-0.25079
0.778126
-0.732109
1.1377
0.705612
0.671194
-0.691483
0.531126
0.508824
-1.09152
0.495024
1.91089
-1.53559
-0.664228
-1.15982
-0.69065
1.00585
-0.0598046
1.05445
-0.0987633
1.08462
1.02412
0.404249
-1.73941
-0.531449
0.384861
0.545527
0.758248
-0.182169
0.200645
-0.835879
1.56137
1.96422
-1.43785
0.411147
0.719374
0.193224
-0.599577
2.46412
-1.13972
2.02988
0.0475763
0.17007
-0.140476
-0.0688143
-0.21726
-0.918919
-0.585878
1.90824
-0.223038
0.634163
-1.86759
0.952919
-0.601838
-0.818569
1.81653
0.99791
-1.11929
-0.238871
-0.804441
0.0370473
1.15409
-0.187396
0.0966354
-0.924044
-0.193349
-0.738055
-1.05635
-1.07843
-0.0982338
0.305983
-0.315738
-0.738407
0.521324
0.0185788
0.754421
1.71409
1.37921
-0.0971721
0.561577
-0.505544
-0.614308
0.92848
-0.113264
0.622043
1.87832
-0.918802
-0.672722
0.688922
-0.780439
0.655713
-0.234095
0.254803
-0.344509
-0.196387
1.51753
-0.387996
0.736219
0.615866
0.374853
0.882195
-0.753775
0.00849997
-0.650633
-0.192258
0.521088
0.875294
-0.461654
-0.561398
1.27782
-0.145481
0.374678
0.54442
-0.063403
-0.219925
0.654617
-1.81228
-0.875037
0.840965
0.722113
0.0241559
0.779919
-0.933631
-0.745774
-0.662271
-0.409407
0.0362242
0.51259
-0.523721
0.640408
-0.0804249
-1.29048
1.086
-0.183736
1.02462
-2.11419
2.13893
-0.31396
-0.442884
-1.16296
-1.60609
-0.0933569
-0.286009
0.651564
0.864587
0.612664
-0.610871
1.08927
0.187545
-1.03718
-0.167599
0.0226713
-1.24771
-0.722332
0.527938
-0.569348
1.22909
0.205582
0.566781
-1.90079
0.878554
-0.20791
-1.66385
-0.704433
1.55152
-0.21618
2.34215
-1.02557
-1.61635
0.0503128
1.65658
-1.55525
0.892581
-0.368966
-0.152456
-0.579484
-1.49624
-1.63772
0.566395
-0.953172
0.10616
1.5737
-0.602748
-0.485464
-0.293753
0.072674
0.227458
0.0825927
1.05083
-0.454618
0.0801328
0.257374
1.4591
-0.90802
0.325814
-0.927832
0.597189
-1.76678
-0.819897
-1.11147
-0.413499
0.336471
0.12905
-1.22194
0.466329
2.60612
-0.406245
-0.772214
0.984505
1.25253
-0.0521354
0.746137
-0.936377
-0.672596
0.249318
0.967745
-0.892468
0.541251
1.28746
0.938544
0.622407
0.143903
-0.678445
2.61428
-1.53802
2.14726
-1.5796
-1.87397
-0.411522
-0.760673
0.592345
-1.49886
-0.433458
-1.2324
0.171911
0.707546
-1.52663
0.000476793
-2.46564
-0.42056
0.0294018
2.36305
-1.18001
-1.615
0.2119
0.29507
-0.181969
0.134331
1.31261
0.257122
-1.56328
0.0174769
-1.6406
0.0954076
-0.31174
-1.88331
-1.24369
0.904999
0.0795865
2.30747
-0.821872
0.124125
0.771419
0.720771
0.48233
0.872246
2.69666
-1.70572
-0.883794
-0.315081
2.55258
-1.66311
-1.1634
0.627303
-0.447599
-0.607003
-0.600215
-1.29375
-2.17687
2.76789
-0.889835
0.221787
0.4805
0.0550648
-0.623332
0.886599
-0.490431
-0.212813
-0.559858
0.0656604
1.49995
-2.18081
0.723515
0.0456144
-2.11553
1.12576
2.03101
1.40213
-0.448884
0.0803476
-0.691439
-0.885719
-0.0172274
1.44527
-0.514885
0.791159
1.8551
1.06223
0.0865316
-1.44823
-0.524307
0.688708
-0.342331
2.38689
0.362556
-0.320387
0.0782006
1.78155
-0.264374
0.473083
-0.426138
2.58499
0.358495
0.538602
1.45247
0.378016
0.515923
-0.892642
-1.81091
-0.00477958
-0.293006
-0.0848171
-0.92211
0.943165
0.040363
0.220872
-0.967325
0.138004
-1.02237
-0.874147
-0.224228
-2.09095
0.492485
0.24609
1.13768
1.38969
0.461362
0.079167
0.603291
1.02899
-0.251192
1.256
0.604201
1.43367
-1.40456
-1.37389
-1.02635
2.232
-0.728483
0.103447
0.174679
-0.0106037
-0.355348
-0.171034
-0.0274753
2.86756
1.15775
0.8802
-0.256828
1.4619
0.604269
-0.639998
-0.160192
2.03235
0.308078
0.275607
1.36489
0.268478
-0.461418
-1.15224
0.597318
0.440944
-0.85084
0.847002
0.560475
0.069531
-1.91901
-0.197817
-1.70924
1.1879
0.368265
1.16782
0.106259
0.44752
0.905168
-1.21999
1.3008
-0.467643
-1.16819
-0.146973
0.121807
-0.111445
-0.160388
0.905772
-3.36245
0.999461
0.704277
0.227515
0.521996
-2.38271
-0.662695
0.287699
-0.0930505
-0.812183
-1.5048
0.523051
0.0169813
0.390404
-1.50154
1.34161
-1.02543
1.49832
1.08863
1.02909
0.993548
0.393554
0.766849
1.52208
1.03944
-0.876228
-0.128088
-1.07761
0.802358
-1.09938
-0.598541
1.55336
0.900769
-0.152473
0.0661587
-0.502129
1.22722
-0.969694
-0.944042
-0.28957
0.773632
-2.02682
1.73061
1.87039
-0.242553
-0.374648
1.28319
0.0324078
-0.938226
-0.552319
1.40855
0.843501
0.911736
-1.26479
0.0195399
-0.933236
-0.914518
-0.969061
2.00404
0.817101
-0.073028
2.09734
-1.45948
0.07475
0.532583
0.911629
-0.0324302
-1.61621
0.410362
-0.688788
-1.09697
1.1693
0.0835666
-0.773939
0.235125
-1.57133
2.45144
0.25379
0.0264829
1.4277
0.064483
0.64626
-1.26319
1.98854
0.383807
-0.56114
-1.28428
0.347417
-0.550295
1.88929
-0.123656
0.782212
0.863109
-1.1646
0.952686
-0.967018
-0.32473
0.587936
0.612634
0.238078
-0.159579
-0.624935
-0.738907
0.0216354
1.50576
-1.19028
0.177957
-0.915307
-0.468619
1.5304
-1.1419
0.557372
2.0536
0.122305
-0.0999906
-0.396198
-0.707164
1.33793
-0.172888
-0.0852845
0.557311
0.84713
-1.04589
0.294601
1.21504
-0.610939
1.98322
1.33823
0.342672
1.16929
0.305324
-0.966765
-1.21121
-0.241911
-1.62977
-1.21368
-0.845129
-0.17052
-0.069692
-1.49836
-1.7923
-0.0146346
0.179406
-0.150431
-0.327711
1.80548
0.563517
1.35732
2.19142
-0.10467
-0.204738
-0.165599
-0.28792
0.799171
-2.33309
-0.211044
-1.40391
-1.24105
0.80442
0.94447
-0.0788876
0.314071
-1.15418
-1.39797
0.337947
1.03436
1.43446
0.45252
0.191741
0.869479
0.69396
1.2088
-1.7745
0.488015
-0.861129
0.240511
1.21519
2.45448
-0.884423
-0.0114267
-1.398
-0.597426
-0.902509
1.63606
-0.667021
-0.274463
0.884511
0.501179
1.04439
0.938255
-0.743893
0.647304
0.231881
1.15976
-1.63302
-0.831934
0.808149
0.536135
-1.26545
1.44626
1.11876
-0.408322
0.369092
-0.235713
-0.446008
-0.918187
-0.470991
0.00221774
0.599743
1.8563
0.855139
0.135715
-0.755717
-0.428453
-0.158839
3.19822
-0.617421
1.56626
-0.536112
-1.27611
0.795492
-0.547498
-0.323685
0.0730794
0.292391
1.16064
0.419352
0.454479
0.487532
2.33203
-1.14342
-0.806287
0.911565
-0.304167
2.61062
0.340984
-0.311226
0.919385
-1.19446
-1.34864
2.46283
-0.303631
0.100825
1.79561
0.787587
-0.875789
-0.41654
-1.25707
1.16282
-0.58187
0.514702
0.0643791
-0.738592
0.222382
-0.928556
0.807936
0.0714833
-1.00606
0.992488
0.782648
0.755766
1.73932
-0.379559
-1.37884
-1.96654
-2.13623
0.536993
-1.19137
0.693611
1.40289
0.586807
0.126987
0.657977
-0.962483
0.483871
2.00931
0.427736
-2.43139
-1.52116
2.3552
-0.741932
0.425758
-0.736614
-1.13481
-0.990936
0.952133
0.897128
1.05368
0.539032
0.488432
-0.125511
0.323073
-1.50782
-0.618701
-2.41404
-0.211382
-0.0936938
-0.0416617
-0.46493
0.380007
-1.84574
0.153097
1.44573
0.854421
0.58137
0.0926941
-0.213981
0.398818
-0.261757
1.52552
-1.10093
-0.526695
0.826868
-0.0764273
0.15567
-0.0855775
0.965888
1.41952
2.5144
-1.86227
0.529646
-1.43934
-0.02526
1.74189
0.107075
0.501264
0.628451
0.196744
-0.139804
0.274414
-1.88054
-0.570208
-0.263046
0.177124
-0.625888
-0.572074
-0.0176912
0.611937
0.811221
0.423977
0.112781
1.44751
-1.85694
-0.501018
0.112625
0.989343
0.153396
-0.26761
0.443007
0.18022
1.30122
0.364914
-1.80876
0.279894
1.09803
0.5636
2.34342
-1.20234
0.160602
-1.37064
0.66759
0.371189
2.18551
2.27783
-1.61432
0.627111
0.169192
2.01752
0.610736
0.804561
1.06145
-1.71369
-0.975537
-0.390068
-0.178435
-0.432051
0.951559
1.30672
-1.00243
2.0824
-0.335571
-0.595096
-0.625033
0.262789
0.303746
-1.90112
0.501524
0.480888
1.66902
1.03362
-0.75527
-0.540861
-0.910587
-1.18159
-1.25471
-0.0161903
-0.416663
0.658608
0.251392
-0.520886
-0.538917
1.01398
-0.81883
-0.153497
0.433001
-1.29027
1.18631
-1.77875
-0.514691
-1.3866
1.5408
-2.00451
0.489899
0.788325
-1.96036
0.00620879
1.28709
-0.649006
0.546692
0.799022
-1.40451
0.0558491
0.405841
-0.663415
4.1991
-0.223454
-0.0414232
-0.328267
-1.16701
0.205271
-1.82108
1.06588
-0.175994
-0.0984536
0.769123
-0.144039
-1.01849
0.132552
0.500619
-0.726892
-0.577535
-1.64131
-0.684169
0.041645
-0.95341
0.169596
-1.85999
0.0141685
-0.0321389
0.0158415
-1.00589
1.50472
-1.10969
0.865081
0.900586
0.71993
-0.0392805
-0.989919
-0.521353
-2.22225
-0.0411057
0.196709
-1.35259
0.576487
1.68697
-0.598877
-0.315381
-0.289721
-0.16727
-0.112273
-0.560313
0.90661
-0.425712
-1.15355
0.0435748
0.865366
0.21881
0.31198
-0.156216
-0.81905
-2.4957
-0.167908
0.527722
-0.492365
0.391926
-1.07655
1.73619
1.497
-0.981156
0.846974
-0.947924
-0.0680892
0.306317
1.15098
0.999957
-0.312069
-0.884646
0.566886
-0.677865
0.692427
0.490654
-2.46927
0.917942
0.343046
-0.870962
-0.760798
0.314698
-0.662427
-2.23282
0.309333
0.313187
0.482923
0.643612
-1.10915
-1.86875
0.274117
1.05356
0.496238
-0.760853
0.0521224
-2.50291
-1.83916
0.648308
1.50794
-0.317284
-1.45878
1.21085
0.25644
1.74982
0.928887
-0.516924
-0.467469
-1.57771
-0.925141
0.282434
0.804809
0.892086
1.44552
-0.818674
1.21346
1.17969
1.89152
-0.424818
1.85844
1.70806
-0.529414
-0.376921
0.201857
0.627166
0.96052
-1.37643
-0.235018
-0.823748
0.21049
0.666061
-1.04417
-0.331498
0.278404
0.00373673
1.00758
0.659791
0.256617
0.788549
-1.62137
-0.0913625
0.227376
-1.39487
0.6942
0.119149
-0.652752
0.878313
0.685561
1.21336
-0.167642
-0.986195
-0.771566
-0.31716
-0.0228385
0.765592
0.932855
0.42387
-2.49656
-0.575765
0.660548
-1.51308
0.556375
-1.72814
-1.24267
-0.35057
-2.04015
0.0732131
0.798384
1.00601
-1.45753
1.05316
-1.18267
0.470805
0.0911994
1.3637
1.54871
-0.531272
-0.326866
-0.375983
-0.12212
0.00851747
0.0331579
0.693806
0.519376
-0.355805
0.716334
1.38713
0.701576
-0.214576
-0.542371
1.3908
2.07396
0.64236
-0.0101109
1.77682
-0.25995
-0.915636
0.0375681
-0.479979
-1.26824
-0.531041
1.17904
0.442845
0.265118
-0.713675
-0.454947
-0.286509
-0.331672
-0.0994239
0.643319
0.484128
-0.791188
0.30345
0.0943731
0.724053
-0.602666
1.69763
0.540441
1.34622
-0.891982
-0.351793
0.583758
1.44483
-0.144745
-0.118052
0.330329
0.17113
-1.15674
-0.611922
0.867795
-0.0750391
-0.755181
-0.300455
0.732181
-1.01532
0.163525
1.29262
1.08539
-0.128374
0.47676
-0.888902
-1.36505
0.184875
0.0299457
-0.400751
-1.82757
1.58145
0.228723
-1.00083
0.438956
1.45245
0.385914
-0.709355
-0.174092
1.00597
-0.557366
0.569987
-0.434549
1.01745
-0.371026
1.12193
1.01899
1.09861
-2.66917
-0.0988724
-1.16497
-0.41968
-2.36326
-0.804248
0.317913
0.385148
-0.0558281
1.63245
-0.677187
-0.372669
-0.900563
0.274081
1.7608
0.0429065
-2.13164
-0.568759
-0.705847
0.945919
-0.153667
1.71347
-0.289917
0.0273466
-0.588407
0.780675
-2.09997
0.159878
-0.0183219
0.471321
0.385262
-1.64303
-0.488613
-1.14358
-0.456655
0.345117
0.176793
0.92713
0.984672
0.455257
0.662474
0.0933929
-0.483969
0.0105755
-0.901973
0.95706
1.02022
0.752319
0.822727
-1.18528
0.884429
-0.609093
-0.167584
-0.520235
-1.08462
2.2749
0.363314
-0.697742
1.23224
-0.691338
-0.256069
1.26379
0.0274789
0.826579
-0.0228404
2.80526
-1.26676
-0.806293
-1.42169
0.0151594
1.44786
-0.449564
-0.268425
-0.834619
0.135532
-1.17682
-0.815745
1.32996
-1.9038
-1.59037
-1.17752
-1.30371
0.709378
0.285573
0.790472
0.72581
-0.901465
-0.96177
0.272373
0.636647
1.74437
-2.0389
0.103781
-0.0455804
0.623988
1.16358
-0.0107205
-0.684072
-2.32684
-2.41707
-0.0591177
1.2348
-0.00226895
0.728643
-0.232779
0.0997145
-0.260927
-1.20595
-0.457845
1.73771
1.1828
-0.105028
-0.14603
-0.942973
1.07958
-0.27075
0.288725
1.33965
0.374104
0.430704
0.773732
1.04681
-0.523067
0.601323
0.287021
-0.383625
0.278424
-1.54275
0.929927
1.9103
0.0610862
0.0579266
0.749871
1.55978
0.0163251
0.117679
-1.25826
-0.179651
1.28654
0.599359
-1.74956
-1.51276
-1.14159
-1.55147
0.411787
-0.0207648
-0.94204
1.32799
0.491157
-0.467807
-0.938683
-0.615528
0.0457153
1.235
0.545122
-0.75684
-0.305039
0.250865
0.38427
0.500307
-1.60562
-1.58843
0.671977
-0.181881
-1.34829
0.401411
-0.654823
-0.737146
-1.44993
-0.385377
-0.473338
1.51892
0.866537
0.943258
-0.147204
1.25642
-0.474771
1.01879
1.02063
-0.379538
1.93211
-0.502999
0.605192
0.0749869
-2.16754
-0.0974165
-1.81021
-0.207053
-1.27294
0.882575
1.26616
-1.03744
0.499938
0.0168582
-0.520295
-0.271749
0.0571691
-0.793731
-0.229275
-0.115805
0.686324
-0.499829
0.3756
-0.978647
-1.47727
0.69175
0.277486
1.00118
1.88559
2.6968
-0.257514
0.376459
-0.496758
0.299554
-0.0220748
-0.399865
1.36652
-0.223055
0.682956
-0.756492
0.491847
-0.524257
-0.390983
0.326022
0.709082
-0.938748
0.0875619
-0.902845
1.54229
0.335404
1.09825
1.2526
1.57194
-0.0260701
-0.0317434
-0.833244
-1.34294
0.258491
-0.182499
3.41976
-1.12141
0.161369
1.05793
-2.09601
-0.183735
-0.829583
1.43525
0.569036
-0.173367
-1.33938
-0.668151
2.0723
-0.820188
1.60688
-0.880305
-0.171542
-1.00916
-1.16219
-0.13674
-0.0972166
0.371888
-0.155548
0.0314227
0.313565
0.37794
-1.12584
0.911129
0.403736
0.4662
0.811038
-0.354214
0.0523621
1.31485
0.165892
0.919388
1.10421
-0.420881
2.51647
1.40269
0.539194
-0.306365
-1.22995
-0.325153
1.22464
0.423788
-0.379631
0.222703
1.08782
0.740045
-0.667371
1.40007
-0.738848
-0.983176
-0.295079
-1.0131
0.94809
0.0205968
0.346635
1.34689
-0.719049
0.115177
1.01155
0.254362
0.372442
1.47662
-0.940203
-0.465194
0.441269
-1.2578
-1.00381
1.17403
0.0273696
1.41732
-0.611353
1.68613
0.436544
-2.77378
2.03608
0.627016
-1.18166
-0.419485
-0.566943
1.36833
-0.743479
0.951761
0.134136
1.05232
-1.02553
-0.405085
1.88747
-0.860709
1.41643
0.410334
1.35997
0.694147
-1.21147
-0.417998
-0.429686
0.477019
0.0767117
-0.320547
0.159159
-0.293149
1.01584
-0.560048
2.34147
1.12894
0.393748
0.036073
0.379764
1.3077
1.24536
0.883299
1.6014
-0.480413
-0.656868
-0.568482
-1.29396
-0.218759
-2.75927
0.851671
0.97909
-0.214504
0.447822
0.473623
-0.592553
-0.687959
1.8542
-0.242711
0.555212
-0.164717
1.08268
-0.396674
1.06001
-0.462867
1.64168
-0.766089
-0.711164
0.43914
0.213887
-0.0984461
-0.293441
0.772239
-0.681981
